trial:eas:rba
bur26g:10377425.16:10424044.52
chr15b:43725.560000000005:43697.939999999995
esc16d:39.93999999999999:39.89999999999999
had14:3027.5:3030.3199999999997
had20:7579.160000000001:7569.259999999999
nug28:6623.44:6616.56
scr12:47731.54000000001:47524.159999999996
tai17a:599672.3799999999:598004.8
tai35a:2869835.12:2872527.8000000003
wil50:54686.240000000005:54753.119999999995
