files:eas:rba
bur26g:9677932.760000002:9686944.780000001
chr15b:43820.780000000006:44586.34
esc16d:39.8:38.580000000000005
had14:3048.96:3054.1400000000003
had20:7611.279999999999:7620.719999999999
nug28:6613.5199999999995:6625.719999999999
scr12:47684.12:47476.2
tai17a:598689.8400000001:598606.1399999999
tai35a:2867864.16:2873998.1399999997
wil50:55320.14:55308.33999999999
