trial:rba:lcs
bur26g:9686944.780000001:8807029.36
chr15b:44586.34:25319.079999999998
esc16d:38.580000000000005:25.24
had14:3054.1400000000003:2908.88
had20:7620.719999999999:7340.459999999999
nug28:6625.719999999999:6107.9800000000005
scr12:47476.2:38731.14
tai17a:598606.1399999999:560700.3400000001
tai35a:2873998.1399999997:2739020.38
wil50:55308.33999999999:52983.12000000001
