trial:eas:lcs
bur26g:10377425.16:9048205.34
chr15b:43725.560000000005:25168.760000000002
esc16d:39.93999999999999:24.84
had14:3027.5:2908.9800000000005
had20:7579.160000000001:7334.4
nug28:6623.44:6102.82
scr12:47731.54000000001:38679.520000000004
tai17a:599672.3799999999:560634.94
tai35a:2869835.12:2745769.62
wil50:54686.240000000005:52878.8
